1161,3
1161,2
1161,1
1161,0
1160,80
1160,79
1160,78
1160,77
1160,76
1160,75
1160,74
1160,73
1160,72
1160,71
1160,70
1160,69
1160,68
1160,67
1160,66
1160,65
1160,64
1160,35
1160,34
1160,33
1160,32
1160,31
1160,30
1160,29
1160,28
1160,27
1160,26
1160,25
1160,24
1160,23
1160,22
1160,21
1160,20
1160,19
1160,18
1160,17
1160,16
1160,15
1160,14
1160,13
1160,12
1160,11
1160,10
1160,9
1160,8
1160,7
1160,6
1160,5
1160,4
1159,5
1159,4
1158,84
1158,83
1158,82
1158,81
1158,80
1158,79
1158,78
1158,77
1158,76
1158,75
1158,74
1158,73
1158,72
1158,71
1158,70
1158,69
1158,68
1158,67
1158,66
1158,65
1158,64
1158,35
1158,34
1158,33
1158,32
1158,31
1158,30
1158,29
1158,28
1158,27
1158,26
1158,25
1158,24
1158,23
1158,22
1158,21
1158,20
1158,19
1158,18
1158,17
1158,16
1158,15
1158,14
1158,13
1158,12
1158,11
1158,10
1158,9
1158,8
1158,7
1158,6
1158,5
1158,4
1157,5
1157,4
1160,3
1160,2
1160,1
1160,0
1159,3
1159,2
1159,1
1159,0
1158,3
1158,2
1158,1
1158,0
1157,3
1157,2
1157,1
1157,0
1156,8
1156,7
1156,6
1156,5
1156,4
1156,3
1156,2
1156,1
1156,0
1155,12
1155,11
1155,10
1155,9
1155,8
1155,7
1155,6
1155,5
1155,4
1155,3
1155,2
1155,1
1155,0
1154,71
1154,70
1154,69
1154,68
1153,5
1153,4
1154,67
1154,66
1154,65
1154,64
1154,35
1154,34
1154,33
1154,32
1154,31
1154,30
1154,29
1154,28
1154,27
1154,26
1154,25
1154,24
1154,23
1154,22
1154,21
1154,20
1154,19
1154,18
1154,17
1154,16
1154,15
1154,14
1154,13
1154,12
1154,11
1154,10
1154,9
1154,8
1154,7
1154,6
1154,5
1154,4
1154,3
1154,2
1154,1
1154,0
1153,3
1153,2
1153,1
1153,0
1152,3
1152,2
1152,1
1152,0
1151,3
1151,2
1151,1
1151,0
1150,3
1150,2
1150,1
1150,0
1149,3
1149,2
1149,1
1149,0
1148,3
1148,2
1148,1
1148,0
1147,5
1147,4
1147,3
1147,2
1147,1
1147,0
1146,5
1146,4
1146,3
1146,2
1146,1
1146,0
1145,3
1145,2
1145,1
1145,0
1144,3
1144,2
1144,1
1144,0
1143,3
1143,2
1143,1
1143,0
1142,4
1142,3
1142,2
1142,1
1142,0
1141,3
1141,2
1141,1
1141,0
1140,4
1140,3
1140,2
1140,1
1140,0
1139,3
1139,2
1139,1
1139,0
1138,3
1138,2
1138,1
1138,0
1137,3
1137,2
1137,1
1137,0
1136,3
1136,2
1136,1
1136,0
1135,3
1135,2
1135,1
1135,0
1134,3
1134,2
1134,1
1134,0
1133,3
1133,2
1133,1
1133,0
1132,3
1132,2
1132,1
1132,0
1131,3
1131,2
1131,1
1131,0
1130,3
1130,2
1130,1
1130,0
1129,3
1129,2
1129,1
1129,0
1128,3
1128,2
1128,1
1128,0
1127,3
1127,2
1127,1
1127,0
1126,3
1126,2
1126,1
1126,0
1125,3
1125,2
1125,1
1125,0
1124,3
1124,2
1124,1
1124,0
1123,3
1123,2
1123,1
1123,0
1122,3
1122,2
1122,1
1122,0
1121,3
1121,2
1121,1
1121,0
1120,3
1120,2
1120,1
1120,0
1119,3
1119,2
1119,1
1119,0
1118,3
1118,2
1118,1
1118,0
1117,3
1117,2
1117,1
1117,0
1116,3
1116,2
1116,1
1116,0
1115,3
1115,2
1115,1
1115,0
1114,3
1114,2
1114,1
1114,0
1113,4
1113,3
1113,2
1113,1
1113,0
1112,3
1112,2
1112,1
1112,0
1111,3
1111,2
1111,1
1111,0
1110,3
1110,2
1110,1
1110,0
1109,4
1109,3
1109,2
1109,1
1109,0
1108,3
1108,2
1108,1
1108,0
1107,3
1107,2
1107,1
1107,0
1092,2
1092,1
1092,0
1090,3
1090,2
1090,1
1090,0
1089,3
1089,2
1089,1
1089,0
1088,3
1088,2
1088,1
1088,0
1087,4
1087,3
1087,2
1087,1
1087,0
1086,3
1086,2
1086,1
1086,0
1085,4
1085,3
1085,2
1085,1
1085,0
1084,3
1084,2
1084,1
1084,0
1083,3
1083,2
1083,1
1083,0
1082,3
1082,2
1082,1
1082,0
1081,2
1073,3
1073,2
1073,1
1073,0
1072,3
1072,2
1072,1
1072,0
1069,3
1069,2
1069,1
1069,0
1066,3
1066,2
1066,1
1066,0
1056,3
1056,2
1056,1
1056,0
1052,3
1052,2
1052,1
1052,0
4,3
4,2
4,1
4,0
3,6
3,5
3,4
3,3
3,2
3,1
3,0
2,2
1,2
0,410
0,380
0,361
0,355
0,353
0,351
0,349
0,340
0,339
0,335
0,322
0,243
1105,75
1105,1
1105,76
1105,3
1105,0
0,378
1,1
1,3
1,0
1081,1
1081,3
1081,0
2,1
2,3
2,0
0,9
0,310
0,305
0,308
0,304
0,303
0,302
0,307
0,12
0,369
0,10
0,8
0,0
0,379
0,300
0,314
0,299
0,416
0,298
0,331
0,297
0,430
0,296
0,438
0,295
0,445
0,294
0,432
0,293
0,376
0,292
0,399
0,291
0,385
0,290
0,431
0,289
0,421
0,288
0,397
0,287
0,317
0,286
0,350
0,285
0,436
0,284
0,354
0,283
0,334
0,282
0,333
0,281
0,390
0,280
0,420
0,279
0,315
0,278
0,404
0,277
0,441
0,276
0,401
0,275
0,444
0,274
1092,3
1092,4
1093,0
1093,1
1093,3
1094,0
1094,2
1095,0
1095,1
1095,3
1096,0
1096,2
1097,0
1097,1
1097,3
1098,0
1098,2
1098,3
1099,1
1099,3
1099,4
1099,6
1099,7
1099,9
1099,11
1099,12
1099,14
1099,15
1099,17
1099,18
1099,20
1099,22
1099,23
1099,25
1099,26
1099,28
1099,30
1099,31
1099,33
1099,34
1099,64
1100,0
1100,2
1100,4
1100,5
1100,7
1100,8
1100,10
1101,0
1101,1
1101,3
1101,4
1101,6
1102,0
1102,1
1102,3
1103,0
1103,2
1103,3
1103,5
1103,7
1103,8
1103,10
1103,11
1103,13
1103,15
1103,16
1103,18
1103,19
1103,21
1103,22
1103,24
1103,26
1103,27
1103,29
1103,30
1103,32
1103,34
1103,35
1103,65
1103,66
1103,68
1103,69
1103,71
1103,73
1103,74
1103,76
1103,77
1103,79
1104,0
1104,1
1104,3
1105,2
1105,5
1105,7
1105,8
1105,10
1105,11
1105,13
1105,14
1105,16
1105,18
1105,19
1105,21
1105,22
1105,24
1105,26
1105,27
1105,29
1105,30
1105,32
1105,33
1105,35
1105,65
1105,66
1105,68
1105,69
1105,71
1105,73
1105,74
1106,1
1106,2
1106,3
1106,0
1105,72
1105,70
1105,67
1105,64
1105,34
1105,31
1105,28
1105,25
1105,23
1105,20
1105,17
1105,15
1105,12
1105,9
1105,6
1105,4
1104,2
1103,80
1103,78
1103,75
1103,72
1103,70
1103,67
1103,64
1103,33
1103,31
1103,28
1103,25
1103,23
1103,20
1103,17
1103,14
1103,12
1103,9
1103,6
1103,4
1103,1
1102,2
1101,7
1101,5
1101,2
1100,11
1100,9
1100,6
1100,3
1100,1
1099,35
1099,32
1099,29
1099,27
1099,24
1099,21
1099,19
1099,16
1099,13
1099,10
1099,8
1099,5
1099,2
1099,0
1098,1
1097,2
1096,3
1096,1
1095,2
1094,3
1094,1
1093,2
1092,5
0,392
0,273
0,407
0,272
0,443
0,271
0,326
0,270
0,325
0,269
0,429
0,268
0,362
0,267
0,341
0,266
0,435
0,265
0,388
0,264
0,374
0,263
0,359
0,262
0,427
0,261
0,415
0,260
0,357
0,259
0,347
0,258
0,375
0,257
0,400
0,256
0,442
0,255
0,367
0,254
0,398
0,253
0,323
0,252
0,332
0,251
0,352
0,250
0,425
0,249
0,319
0,248
0,389
0,247
0,406
0,246
0,422
0,245
0,330
0,244
0,366
0,242
0,312
0,241
0,318
0,240
0,301
0,239
0,447
0,238
0,321
0,237
0,346
0,236
0,440
0,235
0,428
0,234
0,324
0,233
0,417
0,232
0,396
0,231
0,386
0,230
0,377
0,229
0,414
0,228
0,365
0,227
0,439
0,226
0,343
0,225
0,387
0,224
0,370
0,223
0,405
0,222
0,413
0,221
0,348
0,220
0,383
0,219
0,338
0,218
0,373
0,217
0,329
0,216
0,412
0,215
0,320
0,214
0,381
0,213
0,368
0,212
0,345
0,211
0,313
0,210
0,327
0,209
0,328
0,208
0,391
0,207
0,360
0,206
0,433
0,205
0,371
0,204
0,309
0,203
0,316
0,202
0,372
0,201
0,358
0,200
0,356
0,199
0,424
0,198
0,426
0,197
0,337
0,196
0,364
0,195
0,194
0,336
0,193
0,434
0,192
0,344
0,63
0,408
0,62
0,311
0,61
0,403
0,60
0,394
0,59
0,419
0,58
0,411
0,57
0,306
0,56
0,342
0,55
0,423
0,54
0,384
0,53
0,382
0,52
0,418
0,51
0,395
0,50
0,437
0,49
0,393
0,48
0,409
0,47
0,402
0,46
0,363
0,45
0,446
0,6
0,5
0,1
0,11
0,4
0,2
0,3
0,7
